output after         0 time steps
density of excited resonant atoms:
      x          density      number        ratio
  1.00000E-02  1.57054E+30  3.14108E+28  3.14263E-02
  3.00000E-02  4.70542E+30  9.41083E+28  9.41548E-02
  5.00000E-02  7.82172E+30  1.56434E+29  1.56512E-01
  7.00000E-02  1.09072E+31  2.18143E+29  2.18251E-01
  9.00000E-02  1.39496E+31  2.78991E+29  2.79129E-01
  1.10000E-01  1.69369E+31  3.38738E+29  3.38905E-01
  1.30000E-01  1.98574E+31  3.97148E+29  3.97344E-01
  1.50000E-01  2.26995E+31  4.53990E+29  4.54215E-01
  1.70000E-01  2.54521E+31  5.09041E+29  5.09293E-01
  1.90000E-01  2.81042E+31  5.62083E+29  5.62361E-01
  2.10000E-01  3.06454E+31  6.12907E+29  6.13210E-01
  2.30000E-01  3.30656E+31  6.61312E+29  6.61638E-01
  2.50000E-01  3.53553E+31  7.07107E+29  7.07456E-01
  2.70000E-01  3.75056E+31  7.50111E+29  7.50481E-01
  2.90000E-01  3.95078E+31  7.90155E+29  7.90545E-01
  3.10000E-01  4.13540E+31  8.27081E+29  8.27489E-01
  3.30000E-01  4.30371E+31  8.60742E+29  8.61167E-01
  3.50000E-01  4.45503E+31  8.91007E+29  8.91446E-01
  3.70000E-01  4.58877E+31  9.17755E+29  9.18208E-01
  3.90000E-01  4.70440E+31  9.40881E+29  9.41345E-01
  4.10000E-01  4.80147E+31  9.60294E+29  9.60768E-01
  4.30000E-01  4.87958E+31  9.75917E+29  9.76399E-01
  4.50000E-01  4.93844E+31  9.87688E+29  9.88176E-01
  4.70000E-01  4.97781E+31  9.95562E+29  9.96053E-01
  4.90000E-01  4.99753E+31  9.99507E+29  1.00000E+00
  5.10000E-01  4.99753E+31  9.99507E+29  1.00000E+00
  5.30000E-01  4.97781E+31  9.95562E+29  9.96053E-01
  5.50000E-01  4.93844E+31  9.87688E+29  9.88176E-01
  5.70000E-01  4.87958E+31  9.75917E+29  9.76399E-01
  5.90000E-01  4.80147E+31  9.60294E+29  9.60768E-01
  6.10000E-01  4.70440E+31  9.40881E+29  9.41345E-01
  6.30000E-01  4.58877E+31  9.17755E+29  9.18208E-01
  6.50000E-01  4.45503E+31  8.91007E+29  8.91446E-01
  6.70000E-01  4.30371E+31  8.60742E+29  8.61167E-01
  6.90000E-01  4.13540E+31  8.27081E+29  8.27489E-01
  7.10000E-01  3.95078E+31  7.90155E+29  7.90545E-01
  7.30000E-01  3.75056E+31  7.50111E+29  7.50481E-01
  7.50000E-01  3.53553E+31  7.07107E+29  7.07456E-01
  7.70000E-01  3.30656E+31  6.61312E+29  6.61638E-01
  7.90000E-01  3.06454E+31  6.12907E+29  6.13210E-01
  8.10000E-01  2.81042E+31  5.62083E+29  5.62361E-01
  8.30000E-01  2.54521E+31  5.09041E+29  5.09293E-01
  8.50000E-01  2.26995E+31  4.53990E+29  4.54215E-01
  8.70000E-01  1.98574E+31  3.97148E+29  3.97344E-01
  8.90000E-01  1.69369E+31  3.38738E+29  3.38905E-01
  9.10000E-01  1.39496E+31  2.78991E+29  2.79129E-01
  9.30000E-01  1.09072E+31  2.18143E+29  2.18251E-01
  9.50000E-01  7.82172E+30  1.56434E+29  1.56512E-01
  9.70000E-01  4.70542E+30  9.41083E+28  9.41548E-02
  9.90000E-01  1.57054E+30  3.14108E+28  3.14263E-02
                  total #:  3.18362E+31
 
 spectrum escaping:
     freq          density       number         ratio        density       number         ratio
                    (z=0)        (z=0)          (z=0)         (z=L)        (z=L)          (z=L)
   4.41969E+00   0.00000E-01   0.00000E-01   0.00000E-01   0.00000E-01   0.00000E-01   0.00000E-01
   1.52079E+01   0.00000E-01   0.00000E-01   0.00000E-01   0.00000E-01   0.00000E-01   0.00000E-01
   1.75325E+01   0.00000E-01   0.00000E-01   0.00000E-01   0.00000E-01   0.00000E-01   0.00000E-01
   2.01539E+01   0.00000E-01   0.00000E-01   0.00000E-01   0.00000E-01   0.00000E-01   0.00000E-01
   2.31178E+01   0.00000E-01   0.00000E-01   0.00000E-01   0.00000E-01   0.00000E-01   0.00000E-01
   2.64746E+01   0.00000E-01   0.00000E-01   0.00000E-01   0.00000E-01   0.00000E-01   0.00000E-01
   3.02823E+01   0.00000E-01   0.00000E-01   0.00000E-01   0.00000E-01   0.00000E-01   0.00000E-01
   3.46056E+01   0.00000E-01   0.00000E-01   0.00000E-01   0.00000E-01   0.00000E-01   0.00000E-01
   3.95189E+01   0.00000E-01   0.00000E-01   0.00000E-01   0.00000E-01   0.00000E-01   0.00000E-01
   4.51049E+01   0.00000E-01   0.00000E-01   0.00000E-01   0.00000E-01   0.00000E-01   0.00000E-01
   5.14604E+01   0.00000E-01   0.00000E-01   0.00000E-01   0.00000E-01   0.00000E-01   0.00000E-01
   5.86918E+01   0.00000E-01   0.00000E-01   0.00000E-01   0.00000E-01   0.00000E-01   0.00000E-01
   6.69247E+01   0.00000E-01   0.00000E-01   0.00000E-01   0.00000E-01   0.00000E-01   0.00000E-01
   7.62982E+01   0.00000E-01   0.00000E-01   0.00000E-01   0.00000E-01   0.00000E-01   0.00000E-01
   8.69705E+01   0.00000E-01   0.00000E-01   0.00000E-01   0.00000E-01   0.00000E-01   0.00000E-01
   9.91273E+01   0.00000E-01   0.00000E-01   0.00000E-01   0.00000E-01   0.00000E-01   0.00000E-01
   1.12973E+02   0.00000E-01   0.00000E-01   0.00000E-01   0.00000E-01   0.00000E-01   0.00000E-01
   1.28742E+02   0.00000E-01   0.00000E-01   0.00000E-01   0.00000E-01   0.00000E-01   0.00000E-01
   1.46709E+02   0.00000E-01   0.00000E-01   0.00000E-01   0.00000E-01   0.00000E-01   0.00000E-01
   1.67177E+02   0.00000E-01   0.00000E-01   0.00000E-01   0.00000E-01   0.00000E-01   0.00000E-01
   1.90490E+02   0.00000E-01   0.00000E-01   0.00000E-01   0.00000E-01   0.00000E-01   0.00000E-01
   2.17047E+02   0.00000E-01   0.00000E-01   0.00000E-01   0.00000E-01   0.00000E-01   0.00000E-01
   2.47309E+02   0.00000E-01   0.00000E-01   0.00000E-01   0.00000E-01   0.00000E-01   0.00000E-01
   2.81790E+02   0.00000E-01   0.00000E-01   0.00000E-01   0.00000E-01   0.00000E-01   0.00000E-01
   3.20249E+02   0.00000E-01   0.00000E-01   0.00000E-01   0.00000E-01   0.00000E-01   0.00000E-01
   3.63000E+02   0.00000E-01   0.00000E-01   0.00000E-01   0.00000E-01   0.00000E-01   0.00000E-01
   4.11404E+02   0.00000E-01   0.00000E-01   0.00000E-01   0.00000E-01   0.00000E-01   0.00000E-01
   4.66337E+02   0.00000E-01   0.00000E-01   0.00000E-01   0.00000E-01   0.00000E-01   0.00000E-01
   5.28560E+02   0.00000E-01   0.00000E-01   0.00000E-01   0.00000E-01   0.00000E-01   0.00000E-01
   5.99056E+02   0.00000E-01   0.00000E-01   0.00000E-01   0.00000E-01   0.00000E-01   0.00000E-01
   6.79088E+02   0.00000E-01   0.00000E-01   0.00000E-01   0.00000E-01   0.00000E-01   0.00000E-01
   7.69586E+02   0.00000E-01   0.00000E-01   0.00000E-01   0.00000E-01   0.00000E-01   0.00000E-01
   8.72223E+02   0.00000E-01   0.00000E-01   0.00000E-01   0.00000E-01   0.00000E-01   0.00000E-01
   9.88811E+02   0.00000E-01   0.00000E-01   0.00000E-01   0.00000E-01   0.00000E-01   0.00000E-01
   1.12070E+03   0.00000E-01   0.00000E-01   0.00000E-01   0.00000E-01   0.00000E-01   0.00000E-01
   1.27014E+03   0.00000E-01   0.00000E-01   0.00000E-01   0.00000E-01   0.00000E-01   0.00000E-01
   1.43928E+03   0.00000E-01   0.00000E-01   0.00000E-01   0.00000E-01   0.00000E-01   0.00000E-01
   1.63188E+03   0.00000E-01   0.00000E-01   0.00000E-01   0.00000E-01   0.00000E-01   0.00000E-01
   1.84939E+03   0.00000E-01   0.00000E-01   0.00000E-01   0.00000E-01   0.00000E-01   0.00000E-01
   2.09633E+03   0.00000E-01   0.00000E-01   0.00000E-01   0.00000E-01   0.00000E-01   0.00000E-01
   2.37571E+03   0.00000E-01   0.00000E-01   0.00000E-01   0.00000E-01   0.00000E-01   0.00000E-01
   2.69214E+03   0.00000E-01   0.00000E-01   0.00000E-01   0.00000E-01   0.00000E-01   0.00000E-01
   3.05226E+03   0.00000E-01   0.00000E-01   0.00000E-01   0.00000E-01   0.00000E-01   0.00000E-01
   3.45950E+03   0.00000E-01   0.00000E-01   0.00000E-01   0.00000E-01   0.00000E-01   0.00000E-01
   3.92201E+03   0.00000E-01   0.00000E-01   0.00000E-01   0.00000E-01   0.00000E-01   0.00000E-01
   4.44109E+03   0.00000E-01   0.00000E-01   0.00000E-01   0.00000E-01   0.00000E-01   0.00000E-01
   5.03818E+03   0.00000E-01   0.00000E-01   0.00000E-01   0.00000E-01   0.00000E-01   0.00000E-01
   5.71068E+03   0.00000E-01   0.00000E-01   0.00000E-01   0.00000E-01   0.00000E-01   0.00000E-01
   6.47403E+03   0.00000E-01   0.00000E-01   0.00000E-01   0.00000E-01   0.00000E-01   0.00000E-01
   4.46962E+05   0.00000E-01   0.00000E-01   0.00000E-01   0.00000E-01   0.00000E-01   0.00000E-01
                    total #:   0.00000E-01                               0.00000E-01
