output after         0 time steps
density of excited resonant atoms:
      x          density      number        ratio
  1.00000E-02  0.00000E-01  0.00000E-01  0.00000E-01
  3.00000E-02  0.00000E-01  0.00000E-01  0.00000E-01
  5.00000E-02  0.00000E-01  0.00000E-01  0.00000E-01
  7.00000E-02  0.00000E-01  0.00000E-01  0.00000E-01
  9.00000E-02  0.00000E-01  0.00000E-01  0.00000E-01
  1.10000E-01  0.00000E-01  0.00000E-01  0.00000E-01
  1.30000E-01  0.00000E-01  0.00000E-01  0.00000E-01
  1.50000E-01  0.00000E-01  0.00000E-01  0.00000E-01
  1.70000E-01  0.00000E-01  0.00000E-01  0.00000E-01
  1.90000E-01  0.00000E-01  0.00000E-01  0.00000E-01
  2.10000E-01  0.00000E-01  0.00000E-01  0.00000E-01
  2.30000E-01  0.00000E-01  0.00000E-01  0.00000E-01
  2.50000E-01  0.00000E-01  0.00000E-01  0.00000E-01
  2.70000E-01  0.00000E-01  0.00000E-01  0.00000E-01
  2.90000E-01  0.00000E-01  0.00000E-01  0.00000E-01
  3.10000E-01  0.00000E-01  0.00000E-01  0.00000E-01
  3.30000E-01  0.00000E-01  0.00000E-01  0.00000E-01
  3.50000E-01  0.00000E-01  0.00000E-01  0.00000E-01
  3.70000E-01  0.00000E-01  0.00000E-01  0.00000E-01
  3.90000E-01  0.00000E-01  0.00000E-01  0.00000E-01
  4.10000E-01  0.00000E-01  0.00000E-01  0.00000E-01
  4.30000E-01  0.00000E-01  0.00000E-01  0.00000E-01
  4.50000E-01  0.00000E-01  0.00000E-01  0.00000E-01
  4.70000E-01  0.00000E-01  0.00000E-01  0.00000E-01
  4.90000E-01  0.00000E-01  0.00000E-01  0.00000E-01
  5.10000E-01  0.00000E-01  0.00000E-01  0.00000E-01
  5.30000E-01  0.00000E-01  0.00000E-01  0.00000E-01
  5.50000E-01  0.00000E-01  0.00000E-01  0.00000E-01
  5.70000E-01  0.00000E-01  0.00000E-01  0.00000E-01
  5.90000E-01  0.00000E-01  0.00000E-01  0.00000E-01
  6.10000E-01  0.00000E-01  0.00000E-01  0.00000E-01
  6.30000E-01  0.00000E-01  0.00000E-01  0.00000E-01
  6.50000E-01  0.00000E-01  0.00000E-01  0.00000E-01
  6.70000E-01  0.00000E-01  0.00000E-01  0.00000E-01
  6.90000E-01  0.00000E-01  0.00000E-01  0.00000E-01
  7.10000E-01  0.00000E-01  0.00000E-01  0.00000E-01
  7.30000E-01  0.00000E-01  0.00000E-01  0.00000E-01
  7.50000E-01  0.00000E-01  0.00000E-01  0.00000E-01
  7.70000E-01  0.00000E-01  0.00000E-01  0.00000E-01
  7.90000E-01  0.00000E-01  0.00000E-01  0.00000E-01
  8.10000E-01  0.00000E-01  0.00000E-01  0.00000E-01
  8.30000E-01  0.00000E-01  0.00000E-01  0.00000E-01
  8.50000E-01  0.00000E-01  0.00000E-01  0.00000E-01
  8.70000E-01  0.00000E-01  0.00000E-01  0.00000E-01
  8.90000E-01  0.00000E-01  0.00000E-01  0.00000E-01
  9.10000E-01  0.00000E-01  0.00000E-01  0.00000E-01
  9.30000E-01  0.00000E-01  0.00000E-01  0.00000E-01
  9.50000E-01  0.00000E-01  0.00000E-01  0.00000E-01
  9.70000E-01  0.00000E-01  0.00000E-01  0.00000E-01
  9.90000E-01  0.00000E-01  0.00000E-01  0.00000E-01
                  total #:  0.00000E-01
 
 spectrum escaping:
     freq          density       number         ratio        density       number         ratio
                    (z=0)        (z=0)          (z=0)         (z=L)        (z=L)          (z=L)
   4.41969E+00   0.00000E-01   0.00000E-01   0.00000E-01   0.00000E-01   0.00000E-01   0.00000E-01
   1.52079E+01   0.00000E-01   0.00000E-01   0.00000E-01   0.00000E-01   0.00000E-01   0.00000E-01
   1.75325E+01   0.00000E-01   0.00000E-01   0.00000E-01   0.00000E-01   0.00000E-01   0.00000E-01
   2.01539E+01   0.00000E-01   0.00000E-01   0.00000E-01   0.00000E-01   0.00000E-01   0.00000E-01
   2.31178E+01   0.00000E-01   0.00000E-01   0.00000E-01   0.00000E-01   0.00000E-01   0.00000E-01
   2.64746E+01   0.00000E-01   0.00000E-01   0.00000E-01   0.00000E-01   0.00000E-01   0.00000E-01
   3.02823E+01   0.00000E-01   0.00000E-01   0.00000E-01   0.00000E-01   0.00000E-01   0.00000E-01
   3.46056E+01   0.00000E-01   0.00000E-01   0.00000E-01   0.00000E-01   0.00000E-01   0.00000E-01
   3.95189E+01   0.00000E-01   0.00000E-01   0.00000E-01   0.00000E-01   0.00000E-01   0.00000E-01
   4.51049E+01   0.00000E-01   0.00000E-01   0.00000E-01   0.00000E-01   0.00000E-01   0.00000E-01
   5.14604E+01   0.00000E-01   0.00000E-01   0.00000E-01   0.00000E-01   0.00000E-01   0.00000E-01
   5.86918E+01   0.00000E-01   0.00000E-01   0.00000E-01   0.00000E-01   0.00000E-01   0.00000E-01
   6.69247E+01   0.00000E-01   0.00000E-01   0.00000E-01   0.00000E-01   0.00000E-01   0.00000E-01
   7.62982E+01   0.00000E-01   0.00000E-01   0.00000E-01   0.00000E-01   0.00000E-01   0.00000E-01
   8.69705E+01   0.00000E-01   0.00000E-01   0.00000E-01   0.00000E-01   0.00000E-01   0.00000E-01
   9.91273E+01   0.00000E-01   0.00000E-01   0.00000E-01   0.00000E-01   0.00000E-01   0.00000E-01
   1.12973E+02   0.00000E-01   0.00000E-01   0.00000E-01   0.00000E-01   0.00000E-01   0.00000E-01
   1.28742E+02   0.00000E-01   0.00000E-01   0.00000E-01   0.00000E-01   0.00000E-01   0.00000E-01
   1.46709E+02   0.00000E-01   0.00000E-01   0.00000E-01   0.00000E-01   0.00000E-01   0.00000E-01
   1.67177E+02   0.00000E-01   0.00000E-01   0.00000E-01   0.00000E-01   0.00000E-01   0.00000E-01
   1.90490E+02   0.00000E-01   0.00000E-01   0.00000E-01   0.00000E-01   0.00000E-01   0.00000E-01
   2.17047E+02   0.00000E-01   0.00000E-01   0.00000E-01   0.00000E-01   0.00000E-01   0.00000E-01
   2.47309E+02   0.00000E-01   0.00000E-01   0.00000E-01   0.00000E-01   0.00000E-01   0.00000E-01
   2.81790E+02   0.00000E-01   0.00000E-01   0.00000E-01   0.00000E-01   0.00000E-01   0.00000E-01
   3.20249E+02   0.00000E-01   0.00000E-01   0.00000E-01   0.00000E-01   0.00000E-01   0.00000E-01
   3.63000E+02   0.00000E-01   0.00000E-01   0.00000E-01   0.00000E-01   0.00000E-01   0.00000E-01
   4.11404E+02   0.00000E-01   0.00000E-01   0.00000E-01   0.00000E-01   0.00000E-01   0.00000E-01
   4.66337E+02   0.00000E-01   0.00000E-01   0.00000E-01   0.00000E-01   0.00000E-01   0.00000E-01
   5.28560E+02   0.00000E-01   0.00000E-01   0.00000E-01   0.00000E-01   0.00000E-01   0.00000E-01
   5.99056E+02   0.00000E-01   0.00000E-01   0.00000E-01   0.00000E-01   0.00000E-01   0.00000E-01
   6.79088E+02   0.00000E-01   0.00000E-01   0.00000E-01   0.00000E-01   0.00000E-01   0.00000E-01
   7.69586E+02   0.00000E-01   0.00000E-01   0.00000E-01   0.00000E-01   0.00000E-01   0.00000E-01
   8.72223E+02   0.00000E-01   0.00000E-01   0.00000E-01   0.00000E-01   0.00000E-01   0.00000E-01
   9.88811E+02   0.00000E-01   0.00000E-01   0.00000E-01   0.00000E-01   0.00000E-01   0.00000E-01
   1.12070E+03   0.00000E-01   0.00000E-01   0.00000E-01   0.00000E-01   0.00000E-01   0.00000E-01
   1.27014E+03   0.00000E-01   0.00000E-01   0.00000E-01   0.00000E-01   0.00000E-01   0.00000E-01
   1.43928E+03   0.00000E-01   0.00000E-01   0.00000E-01   0.00000E-01   0.00000E-01   0.00000E-01
   1.63188E+03   0.00000E-01   0.00000E-01   0.00000E-01   0.00000E-01   0.00000E-01   0.00000E-01
   1.84939E+03   0.00000E-01   0.00000E-01   0.00000E-01   0.00000E-01   0.00000E-01   0.00000E-01
   2.09633E+03   0.00000E-01   0.00000E-01   0.00000E-01   0.00000E-01   0.00000E-01   0.00000E-01
   2.37571E+03   0.00000E-01   0.00000E-01   0.00000E-01   0.00000E-01   0.00000E-01   0.00000E-01
   2.69214E+03   0.00000E-01   0.00000E-01   0.00000E-01   0.00000E-01   0.00000E-01   0.00000E-01
   3.05226E+03   0.00000E-01   0.00000E-01   0.00000E-01   0.00000E-01   0.00000E-01   0.00000E-01
   3.45950E+03   0.00000E-01   0.00000E-01   0.00000E-01   0.00000E-01   0.00000E-01   0.00000E-01
   3.92201E+03   0.00000E-01   0.00000E-01   0.00000E-01   0.00000E-01   0.00000E-01   0.00000E-01
   4.44109E+03   0.00000E-01   0.00000E-01   0.00000E-01   0.00000E-01   0.00000E-01   0.00000E-01
   5.03818E+03   0.00000E-01   0.00000E-01   0.00000E-01   0.00000E-01   0.00000E-01   0.00000E-01
   5.71068E+03   0.00000E-01   0.00000E-01   0.00000E-01   0.00000E-01   0.00000E-01   0.00000E-01
   6.47403E+03   0.00000E-01   0.00000E-01   0.00000E-01   0.00000E-01   0.00000E-01   0.00000E-01
   4.46962E+05   0.00000E-01   0.00000E-01   0.00000E-01   0.00000E-01   0.00000E-01   0.00000E-01
                    total #:   0.00000E-01                               0.00000E-01
